14
381.61
405.30
3.33
11.68
11.67
276.45
467.64
3.57
14.86
14.17
276.44
567.09
3.34
15.02
13.12
512.20
599.92
3.29
10.64
10.69
212.14
423.05
3.10
14.59
13.34
237.58
333.97
3.43
14.69
14.20
113.39
284.64
3.52
13.96
14.59
137.83
68.36
3.44
12.69
13.26
492.48
161.17
3.41
15.34
14.56
794.81
189.11
3.30
14.16
14.55
873.03
236.08
3.17
13.01
13.30
1033.46
496.03
3.99
12.90
13.26
786.08
583.31
3.22
14.46
13.38
734.50
669.91
3.39
14.09
14.73