21
940.26
25.57
16
06
45
-03
51
00
516.31
676.24
16
06
03
-03
38
08
63.70
621.78
16
05
25.16
-03
40
19.31
636.39
484.42
16
06
15.10
-03
41
56.81
830.44
411.65
16
06
32
-03
43
03
495.84
288.24
16
06
05
-03
46
26
512.05
217.39
16
06
07
-03
47
54
587.26
569.30
16
06
10
-03
40
15
615.03
260.94
16
06
15
-03
46
44
544.26
249.44
16
06
09.37
-03
47
08.69
920.34
393.77
16
06
40
-03
43
16
889.27
525.51
16
06
36
-03
40
30
170.53
278.00
16
05
37.28
-03
47
22.67
311.10
192.25
16
05
50.01
-03
48
53.41
422.38
50.28
16
06
00.80
-03
51
38.87
106.63
123.32
16
05
33.24
-03
50
48.16
850.46
291.96
16
06
35.04
-03
45
33.14
451.69
534.03
16
05
59
-03
41
18
624.68
678.28
16
06
12
-03
37
51
778.20
451.41
16
06
27.46
-03
42
19.53
897.77
679.03
16
06
35.53
-03
37
13.91  
    
