25
636.39
484.42
16
06
15.10
-03
41
56.80
543.34
379.47
16
06
08.016
-03
44
26.959
830.44
411.65
16
06
32
-03
43
03
495.84
288.24
16
06
05
-03
46
26
512.05
217.39
16
06
07
-03
47
54
628.59
561.52
16
06
14
-03
40
19
587.26
569.30
16
06
10
-03
40
15
325.08
372.57
16
05
50
-03
45
01
615.03
260.94
16
06
15
-03
46
44
544.26
249.44
16
06
09.37
-03
47
08.69
940.26
25.57
16
06
45
-03
51
00
897.97
107.47
16
06
1
-03
49
21
922.43
394.74
16
06
40
-03
43
16
891.28
526.51
16
06
36
-03
40
30
518.35
677.25
16
06
03
-03
38
08
65.59
622.82
16
05
25.16
-03
40
19.31
172.44
279.04
16
05
37.28
-03
47
22.67
313.08
193.26
16
05
50.01
-03
48
53.41
424.38
51.28
16
06
00.80
-03
51
38.87
108.62
124.37
16
05
33.24
-03
50
48.16
852.33
292.96
16
06
35.04
-03
45
33.14
453.73
535.03
16
05
59
-03
41
18
626.72
679.27
16
06
12
-03
37
51
780.20
452.39
16
06
27.46
-03
42
19.53
899.76
679.03
16
06
35.53
-03
37
13.91  
    
