23
672.33
320.88
16
29
12
-2
50
29
919.74
432.95
16
29
32
-2
47
32
816.74
516.31
16
29
22
-2
46
00
750.24
468.20
16
29
17
-2
47
10
993.63
96.45
16
29
41.088
-2
54
29.159
1016.08
228.97
16
29
42
-2
51
39
620.73
493.76
16
29
06
-2
46
55
270.29
662.29
16
28
34.33
-2
44
7.74
410.97
293.17
16
28
50
-2
51
41
264.34
234.30
16
28
38
-2
53
16
108.99
323.88
16
28
23.67
-2
51
42.76
707.55
90.02
16
29
17
-2
55
20
290.70
412.66
16
28
38.34
-2
49
23.96
900.34
630.63
16
29
28
-2
43
22
467.38
41.88
16
28
56.83
-2
56
53.69
245.05
40.29
16
28
38
-2
57
26
408.25
697.55
16
28
45.77
-2
43
3.81
513.01
240.88
16
28
58.89
-2
52
33.15
917.67
273.49
16
29
33
-2
50
56
345.05
198.48
16
28
45
-2
53
51
750.36
637.20
16
29
15.49
-2
43
33.93
1069.46
16.07
16
29
48
-2
56
03
745.28
297.75
16
29
18.19
-2
50
48.17